1440
1511
1731
1400
1542
1571
1768
1730
1959
1342
1744
872
1237
1846
1597
1583
1711
1499
1679
1895
1875
1928
1728
1673
481
1934
673
1704
1916
1958
1821
1649
1640
1802
1732
121
1924
1438
1748
1046
1905
1566
1152
1964
1518
1603
1414
1785
1993
1594
1761
1455
1738
1699
1507
1483
1450
1653
1644
19
1340
1227
1353
2009
1188
1228
1898
1941
1515
1766
1093
1618
1795
1686
1369
1820
1857
1356
1562
2004
1519
1628
1831
1687
1792
1948
927
1789
1546
1338
1614
1472
1494
1979
1936
1577
1147
1446
1683
1375
856
1787
1517
1724
1334
1642
1496
1668
1725
1800
1708
1814
1585
1827
1801
1208
1839
1596
1925